P_BAN
947656955
501013382
501013678
947641601
947641809
947642575
947643029
947643433
947645354
947646527
947646915
947647731
947648101
947648721
947649166
947649893
947650644
947585071
947583605
947586574
947588133
947588711
947590485
947591012
947591442
947592044
947595153
947595765
947596698
947597209
947597720
947598868
947598181
947613568
947614335
947613931
947615613
947614756
947616355
947617015
947616637
947617494
947618096
947618401
947619128
947620076
947619789
947620688
947621033
947621314
947621959
947622270
947622882
947623161
947623427
947623781
503741166
503741194
503741226
503741260
503741293
503741318
503741358
503741383
503751829
503751834
503751839
503751843
503751850
503751854
503751858
503751862
503751865
503751870
503751873
503751876
503751881
503751891
503751896
503751903
503751908
503751915
503751918
503751924
503751929
503752114
503752124
503752137
503752152
503752175
503752192
503752345
503752372
503752398
503752419
503752436