P_BAN
978852341
978852523
978852689
978852820
978853059
978853190
978853331
978853596
978855237
978855393
978855625
978855864
978856045
978856193
978856425
978856599
978856821
978857100
978857340
978857563
978857852
978858082
978858272
978858512
978858843
978859064
978859239
978859486
978859692
978870988
978871275
978871614
978871945
978872265
978872604
978872901
978873305
978873651
978874030
978880094
978889426
978897098
978907459
978909000
978909497
978909869
978910206
978910578
978910966
978911261
978911600
978911915
978923753
978923993
978924272
978924660
978925030
978925428
978925832
978926178
978926640
978926947
978927267
978927671
978928547
978929180
978929891
978930436
978930865
978931368
978931764
978932218
978976181
978976462
978976769
978977361
978977676
978978013
978978294
978978609
979040532
979040896
979041217
979041373
979041985
979043247
979043577
979062130
979062189
979062221
979062304
979062346
979062411
979062494
979062528
979062619
979062684
979062759
979062866
979062924
979062981
979063096
979063179
979063278
979063369
979063468
979063542
979063641
979063781
979064128
979064268
979064425
979064516
500012790
500012967
500013013
500019162
500019189
500019221
500019250
500019288
500019318
500019346
500019371
500019397
500019429
500019465
500019497
500019523
500019547
500019572
500019604
500019629
500019672
500019703
500019733
500019766
500019797
500019843
947313565
947314357
963410402
963410717
500796762
962719282
962718953
962709978
962709739
962708590
962708269
962937421
962936225
962935524
962934923
962934469
962933081
962932539
962912978
962911269
962910485
962910139
962909826
962909495
962909107
962908836
962908539
962908166
962907903
962907580
962907291
962906723
962906376
962906202
962906053
962905865
962905709
962905501
962896197
962896049
962895843
962895660
962895462
962886149
962885687
962885208
962884748
962884276
962883815
962883351
962882791
962882346
962881975
962881512
962881074
962877452
962876868
962863338
962862918
962862454
962850384
962849824
962849188
962848628
962847927
962847323
962846861
962846226
962843595
962843017
962842290
962841748
962841144
962840609
962840062
962839338
962827473
962827044
962826558
962826160
962825808
962825485
962825113
962824702
962824280
962823985
962823506
962823043
962822664
962822250
962821955
962848289
962847802
962847380
962847034
962846598
962846150
962845723
962845277
962844809
962844049
962843587
947126348
947126454
947126538
947126660
947126777
947126843
947126942
947127056
947127171
947127254
947127353
947127429
947127510
947127593