P_BAN
947132023
947132098
947132197
947132304
947133187
947133344
947133559
947133690
947133872
947133971
947134151
947134342
947134516
947134946
947135174
947135919
947136164
947136453
947136800
947137113
947137485
947137600
947138111
947138434
947138731
947139135
947139549
947139861
947141131
947141453
947141891
947142196
947142691
947143186
947143574
947143913
947144226
947144515
947144887
947145264
947145629
947146072
947146486
947146916
947147419
947147880
947148359
947148847
947149332
947149696
947150157
947150553
947150959
947151510
947151874
503717173
503717218
503717259
503717301
503717345
503717378
503717412
503717466
503717502
503717538