P_ban
964540694
964541106
964541635
964542013
964542500
964542989
964543524
964544076
964544563
964545016
964545412
964545859
964546287
964549265
964550859
964551485
964552061
964552566
964553044
964553580
964570014
964570550
964570964
964571392
964571723
964573422
964573869
964574305
964574669
964575757
964576276
964576615
964577498
964577910
964578397
964579635
964589329
964589725
964590087
964590400
964590749
964591127
964596274
964597496
964597645
964597751
964597868
964598023
964598163
964598320
964598411
964598601
964602767
964602783
947659082
947660445
947663951
947664397
947666103
947642252
947643813
947644571
947644910
947645677
947646170
947647376
947648366
947649612
947650214
947586020